100
83 100 3 1000000000 0.000006282
9 100 3 1000000000 0.000007050
96 100 3 1000000000 0.000029430
67 100 3 1000000000 0.000043863
99 100 3 1000000000 0.000064175
71 100 3 1000000000 0.000087861
46 100 3 1000000000 0.000104477
45 100 3 1000000000 0.000136545
22 100 3 1000000000 0.000142615
34 100 3 1000000000 0.000150274
35 100 3 1000000000 0.000163193
77 100 3 1000000000 0.000168523
70 100 3 1000000000 0.000171976
23 100 3 1000000000 0.000176079
2 100 3 1000000000 0.000178371
38 100 3 1000000000 0.000227016
0 100 3 1000000000 0.000227245
7 100 3 1000000000 0.000230583
29 100 3 1000000000 0.000289277
16 100 3 1000000000 0.000295494
3 100 3 1000000000 0.000304501
94 100 3 1000000000 0.000306163
75 100 3 1000000000 0.000322033
80 100 3 1000000000 0.000346365
28 100 3 1000000000 0.000361517
65 100 3 1000000000 0.000367419
91 100 3 1000000000 0.000370820
20 100 3 1000000000 0.000373339
87 100 3 1000000000 0.000416389
43 100 3 1000000000 0.000437700
60 100 3 1000000000 0.000439196
98 100 3 1000000000 0.000464113
48 100 3 1000000000 0.000465675
95 100 3 1000000000 0.000465770
84 100 3 1000000000 0.000467269
72 100 3 1000000000 0.000467840
37 100 3 1000000000 0.000516809
93 100 3 1000000000 0.000523382
58 100 3 1000000000 0.000546857
32 100 3 1000000000 0.000557116
1 100 3 1000000000 0.000564254
8 100 3 1000000000 0.000569240
44 100 3 1000000000 0.000574677
6 100 3 1000000000 0.000595218
63 100 3 1000000000 0.000606310
86 100 3 1000000000 0.000612413
66 100 3 1000000000 0.000616902
59 100 3 1000000000 0.000645132
14 100 3 1000000000 0.000652322
39 100 3 1000000000 0.000679725
25 100 3 1000000000 0.000694097
15 100 3 1000000000 0.000713503
27 100 3 1000000000 0.000722366
78 100 3 1000000000 0.000765303
24 100 3 1000000000 0.000768240
53 100 3 1000000000 0.000776666
47 100 3 1000000000 0.000784628
85 100 3 1000000000 0.000794625
5 100 3 1000000000 0.000815634
92 100 3 1000000000 0.000828019
76 100 3 1000000000 0.000843876
10 100 3 1000000000 0.000844585
97 100 3 1000000000 0.000848286
69 100 3 1000000000 0.000853954
68 100 3 1000000000 0.000859168
30 100 3 1000000000 0.000865884
13 100 3 1000000000 0.000906089
18 100 3 1000000000 0.000907432
17 100 3 1000000000 0.000962594
57 100 3 1000000000 0.001045886
79 100 3 1000000000 0.001066054
51 100 3 1000000000 0.001152513
36 100 3 1000000000 0.001200693
81 100 3 1000000000 0.001287598
21 100 3 1000000000 0.001349466
31 100 3 1000000000 0.001393332
90 100 3 1000000000 0.001394528
52 100 3 1000000000 0.001406113
19 100 3 1000000000 0.001410088
62 100 3 1000000000 0.001488664
55 100 3 1000000000 0.001509301
40 100 3 1000000000 0.001520580
56 100 3 1000000000 0.001527807
41 100 3 1000000000 0.001591009
4 100 3 1000000000 0.001724199
82 100 3 1000000000 0.001728818
61 100 3 1000000000 0.001788102
88 100 3 1000000000 0.001815496
54 100 3 1000000000 0.001935044
74 100 3 1000000000 0.002057365
33 100 3 1000000000 0.002119618
12 100 3 1000000000 0.002159864
89 100 3 1000000000 0.002300806
42 100 3 1000000000 0.002314998
50 100 3 1000000000 0.002365247
64 100 3 1000000000 0.002562085
26 100 3 1000000000 0.002626808
11 100 3 1000000000 0.002631566
49 100 3 1000000000 0.003778567
73 100 3 1000000000 0.003993126
