32
20 100 3 1000000000 0.000037632
11 100 3 1000000000 0.000055461
27 100 3 1000000000 0.000131759
0 100 3 1000000000 0.000143717
24 100 3 1000000000 0.000149525
31 100 3 1000000000 0.000149806
28 100 3 1000000000 0.000216918
22 100 3 1000000000 0.000238294
16 100 3 1000000000 0.000267927
5 100 3 1000000000 0.000276176
23 100 3 1000000000 0.000280880
8 100 3 1000000000 0.000373998
21 100 3 1000000000 0.000477659
10 100 3 1000000000 0.000488966
13 100 3 1000000000 0.000498820
1 100 3 1000000000 0.000526902
17 100 3 1000000000 0.000720418
29 100 3 1000000000 0.000802285
9 100 3 1000000000 0.000814703
25 100 3 1000000000 0.000926549
3 100 3 1000000000 0.001021587
26 100 3 1000000000 0.001091791
15 100 3 1000000000 0.001146443
18 100 3 1000000000 0.001251874
14 100 3 1000000000 0.001386737
30 100 3 1000000000 0.001501871
7 100 3 1000000000 0.001559560
6 100 3 1000000000 0.001565284
2 100 3 1000000000 0.001582253
19 100 3 1000000000 0.001679628
4 100 3 1000000000 0.001733655
12 100 3 1000000000 0.004753098
