64
23 100 3 1000000000 0.000021162
15 100 3 1000000000 0.000021931
39 100 3 1000000000 0.000047862
54 100 3 1000000000 0.000049182
19 100 3 1000000000 0.000049513
41 100 3 1000000000 0.000061416
22 100 3 1000000000 0.000090162
21 100 3 1000000000 0.000116523
46 100 3 1000000000 0.000117850
55 100 3 1000000000 0.000144332
56 100 3 1000000000 0.000204570
24 100 3 1000000000 0.000235076
16 100 3 1000000000 0.000237903
47 100 3 1000000000 0.000259480
25 100 3 1000000000 0.000260388
53 100 3 1000000000 0.000285204
2 100 3 1000000000 0.000286491
58 100 3 1000000000 0.000310127
10 100 3 1000000000 0.000366291
12 100 3 1000000000 0.000373966
59 100 3 1000000000 0.000417300
1 100 3 1000000000 0.000421684
49 100 3 1000000000 0.000465199
37 100 3 1000000000 0.000468483
33 100 3 1000000000 0.000483973
52 100 3 1000000000 0.000485534
48 100 3 1000000000 0.000544832
8 100 3 1000000000 0.000556697
38 100 3 1000000000 0.000568451
3 100 3 1000000000 0.000569990
9 100 3 1000000000 0.000574460
60 100 3 1000000000 0.000672399
40 100 3 1000000000 0.000682180
11 100 3 1000000000 0.000743525
57 100 3 1000000000 0.000799327
13 100 3 1000000000 0.000824462
35 100 3 1000000000 0.000824681
4 100 3 1000000000 0.000930804
42 100 3 1000000000 0.000944838
61 100 3 1000000000 0.000951626
5 100 3 1000000000 0.001176098
32 100 3 1000000000 0.001191744
50 100 3 1000000000 0.001258437
44 100 3 1000000000 0.001287323
29 100 3 1000000000 0.001343910
62 100 3 1000000000 0.001353770
14 100 3 1000000000 0.001363542
31 100 3 1000000000 0.001418612
63 100 3 1000000000 0.001447712
26 100 3 1000000000 0.001478955
34 100 3 1000000000 0.001508337
30 100 3 1000000000 0.001519303
7 100 3 1000000000 0.001727307
27 100 3 1000000000 0.001788331
0 100 3 1000000000 0.001832472
43 100 3 1000000000 0.001843726
28 100 3 1000000000 0.002021850
18 100 3 1000000000 0.002355740
51 100 3 1000000000 0.002542164
36 100 3 1000000000 0.002655531
20 100 3 1000000000 0.002942117
6 100 3 1000000000 0.003078165
45 100 3 1000000000 0.003376736
17 100 3 1000000000 0.005465627
