64
35 135 3 1000000000 0.000002759
30 130 3 1000000000 0.000028892
45 145 3 1000000000 0.000100432
50 150 3 1000000000 0.000106140
55 155 3 1000000000 0.000112037
19 119 3 1000000000 0.000125064
36 136 3 1000000000 0.000159600
57 157 3 1000000000 0.000160903
17 117 3 1000000000 0.000161524
34 134 3 1000000000 0.000184423
2 102 3 1000000000 0.000191393
5 105 3 1000000000 0.000196969
40 140 3 1000000000 0.000203864
58 158 3 1000000000 0.000235090
23 123 3 1000000000 0.000235345
46 146 3 1000000000 0.000275620
21 121 3 1000000000 0.000310369
27 127 3 1000000000 0.000339678
13 113 3 1000000000 0.000378570
60 160 3 1000000000 0.000379341
56 156 3 1000000000 0.000415777
47 147 3 1000000000 0.000446752
52 152 3 1000000000 0.000533649
62 162 3 1000000000 0.000558670
42 142 3 1000000000 0.000560887
37 137 3 1000000000 0.000566189
33 133 3 1000000000 0.000650237
6 106 3 1000000000 0.000783909
14 114 3 1000000000 0.000793203
22 122 3 1000000000 0.000860882
24 124 3 1000000000 0.000889372
25 125 3 1000000000 0.000894127
15 115 3 1000000000 0.000914034
29 129 3 1000000000 0.000922993
48 148 3 1000000000 0.000926412
10 110 3 1000000000 0.000928237
20 120 3 1000000000 0.000935611
32 132 3 1000000000 0.000942861
8 108 3 1000000000 0.000970351
49 149 3 1000000000 0.001053052
38 138 3 1000000000 0.001090627
26 126 3 1000000000 0.001093011
61 161 3 1000000000 0.001107155
9 109 3 1000000000 0.001151027
51 151 3 1000000000 0.001209676
59 159 3 1000000000 0.001480262
7 107 3 1000000000 0.001522862
63 163 3 1000000000 0.001535272
16 116 3 1000000000 0.001605723
0 100 3 1000000000 0.001715618
39 139 3 1000000000 0.001799299
4 104 3 1000000000 0.001923287
12 112 3 1000000000 0.001974115
1 101 3 1000000000 0.002049216
3 103 3 1000000000 0.002096984
43 143 3 1000000000 0.002099364
44 144 3 1000000000 0.002189731
11 111 3 1000000000 0.002272952
41 141 3 1000000000 0.002360946
31 131 3 1000000000 0.002379221
28 128 3 1000000000 0.002501949
54 154 3 1000000000 0.002551126
18 118 3 1000000000 0.002756132
53 153 3 1000000000 0.004088400
