16
4 104 3 1000000000 0.000029078
3 103 3 1000000000 0.000072181
6 106 3 1000000000 0.000146194
13 113 3 1000000000 0.000232708
15 115 3 1000000000 0.000363504
10 110 3 1000000000 0.000376847
14 114 3 1000000000 0.000440898
5 105 3 1000000000 0.000466057
2 102 3 1000000000 0.000515414
1 101 3 1000000000 0.000788660
7 107 3 1000000000 0.000896444
9 109 3 1000000000 0.000993439
12 112 3 1000000000 0.001107869
8 108 3 1000000000 0.001602663
11 111 3 1000000000 0.001661600
0 100 3 1000000000 0.004670497
