32
29 129 3 1000000000 0.000045035
26 126 3 1000000000 0.000092481
1 101 3 1000000000 0.000169134
24 124 3 1000000000 0.000191248
9 109 3 1000000000 0.000196369
7 107 3 1000000000 0.000220044
25 125 3 1000000000 0.000247361
14 114 3 1000000000 0.000306815
27 127 3 1000000000 0.000334728
18 118 3 1000000000 0.000364409
21 121 3 1000000000 0.000402641
5 105 3 1000000000 0.000549224
31 131 3 1000000000 0.000550643
28 128 3 1000000000 0.000553958
20 120 3 1000000000 0.000558654
3 103 3 1000000000 0.000665805
0 100 3 1000000000 0.000703399
23 123 3 1000000000 0.000718828
17 117 3 1000000000 0.000789703
16 116 3 1000000000 0.000828675
30 130 3 1000000000 0.000870071
6 106 3 1000000000 0.001033513
4 104 3 1000000000 0.001149978
15 115 3 1000000000 0.001200695
10 110 3 1000000000 0.001416639
11 111 3 1000000000 0.001607112
2 102 3 1000000000 0.001872014
13 113 3 1000000000 0.001931853
22 122 3 1000000000 0.001952730
19 119 3 1000000000 0.002206052
12 112 3 1000000000 0.003526300
8 108 3 1000000000 0.004052074
