100
95 195 3 1000000000 0.000003884
12 112 3 1000000000 0.000005021
1 101 3 1000000000 0.000014610
22 122 3 1000000000 0.000022178
72 172 3 1000000000 0.000031452
46 146 3 1000000000 0.000048403
66 166 3 1000000000 0.000057089
42 142 3 1000000000 0.000076303
7 107 3 1000000000 0.000092577
30 130 3 1000000000 0.000103061
32 132 3 1000000000 0.000116674
83 183 3 1000000000 0.000124409
23 123 3 1000000000 0.000126338
40 140 3 1000000000 0.000127186
63 163 3 1000000000 0.000131780
90 190 3 1000000000 0.000132252
6 106 3 1000000000 0.000141667
74 174 3 1000000000 0.000149505
18 118 3 1000000000 0.000194006
39 139 3 1000000000 0.000197933
57 157 3 1000000000 0.000204271
9 109 3 1000000000 0.000207999
92 192 3 1000000000 0.000218488
25 125 3 1000000000 0.000221180
47 147 3 1000000000 0.000235115
53 153 3 1000000000 0.000235960
87 187 3 1000000000 0.000241451
14 114 3 1000000000 0.000245004
81 181 3 1000000000 0.000254953
20 120 3 1000000000 0.000256042
43 143 3 1000000000 0.000286170
62 162 3 1000000000 0.000288565
59 159 3 1000000000 0.000307695
75 175 3 1000000000 0.000358087
31 131 3 1000000000 0.000387673
21 121 3 1000000000 0.000395204
15 115 3 1000000000 0.000419704
99 199 3 1000000000 0.000438635
86 186 3 1000000000 0.000441943
56 156 3 1000000000 0.000496918
70 170 3 1000000000 0.000503684
5 105 3 1000000000 0.000519819
0 100 3 1000000000 0.000541222
88 188 3 1000000000 0.000542942
16 116 3 1000000000 0.000543275
27 127 3 1000000000 0.000545886
51 151 3 1000000000 0.000558224
79 179 3 1000000000 0.000559899
58 158 3 1000000000 0.000578947
45 145 3 1000000000 0.000588364
65 165 3 1000000000 0.000647724
29 129 3 1000000000 0.000683159
2 102 3 1000000000 0.000726581
33 133 3 1000000000 0.000745705
89 189 3 1000000000 0.000760381
36 136 3 1000000000 0.000761322
19 119 3 1000000000 0.000788154
44 144 3 1000000000 0.000804420
24 124 3 1000000000 0.000820251
93 193 3 1000000000 0.000822449
52 152 3 1000000000 0.000824902
68 168 3 1000000000 0.000868109
48 148 3 1000000000 0.000892949
85 185 3 1000000000 0.000904992
13 113 3 1000000000 0.000925586
37 137 3 1000000000 0.000952932
60 160 3 1000000000 0.000993765
54 154 3 1000000000 0.001012284
55 155 3 1000000000 0.001031908
35 135 3 1000000000 0.001045996
61 161 3 1000000000 0.001055597
64 164 3 1000000000 0.001069598
97 197 3 1000000000 0.001110425
84 184 3 1000000000 0.001111137
82 182 3 1000000000 0.001123163
80 180 3 1000000000 0.001131389
34 134 3 1000000000 0.001169205
3 103 3 1000000000 0.001232311
78 178 3 1000000000 0.001307689
73 173 3 1000000000 0.001347133
98 198 3 1000000000 0.001434325
50 150 3 1000000000 0.001443317
41 141 3 1000000000 0.001467992
69 169 3 1000000000 0.001571806
11 111 3 1000000000 0.001602085
17 117 3 1000000000 0.001609900
94 194 3 1000000000 0.001767544
8 108 3 1000000000 0.001777328
4 104 3 1000000000 0.001793133
49 149 3 1000000000 0.001860366
77 177 3 1000000000 0.001877847
10 110 3 1000000000 0.002068579
96 196 3 1000000000 0.002160786
38 138 3 1000000000 0.002194745
76 176 3 1000000000 0.002197876
26 126 3 1000000000 0.002451639
67 167 3 1000000000 0.002804213
28 128 3 1000000000 0.003107763
71 171 3 1000000000 0.003133949
91 191 3 1000000000 0.003506157
