16
10 100 3 1000000000 0.000250920
13 100 3 1000000000 0.000323159
7 100 3 1000000000 0.000361204
2 100 3 1000000000 0.000406776
3 100 3 1000000000 0.000577507
12 100 3 1000000000 0.000597617
14 100 3 1000000000 0.001028414
0 100 3 1000000000 0.001351902
15 100 3 1000000000 0.001461533
4 100 3 1000000000 0.001634642
9 100 3 1000000000 0.001755424
8 100 3 1000000000 0.001854781
1 100 3 1000000000 0.002178994
5 100 3 1000000000 0.002308594
11 100 3 1000000000 0.002634546
6 100 3 1000000000 0.002673974
