100
0 100 3 1000000000 2.000000000
1 101 3 1000000000 2.001360709
2 102 3 1000000000 2.001941825
3 103 3 1000000000 2.002167522
4 104 3 1000000000 2.004598848
5 105 3 1000000000 2.007054992
6 106 3 1000000000 2.007451564
7 107 3 1000000000 2.007618335
8 108 3 1000000000 2.009622442
9 109 3 1000000000 2.010561430
10 110 3 1000000000 2.011774580
11 111 3 1000000000 2.012324295
12 112 3 1000000000 2.012393704
13 113 3 1000000000 2.016335743
14 114 3 1000000000 2.016605795
15 115 3 1000000000 2.017093826
16 116 3 1000000000 2.018507821
17 117 3 1000000000 2.021270653
18 118 3 1000000000 2.024231507
19 119 3 1000000000 2.024279305
20 120 3 1000000000 2.025657118
21 121 3 1000000000 2.025662517
22 122 3 1000000000 2.028569793
23 123 3 1000000000 2.030539345
24 124 3 1000000000 2.031848002
25 125 3 1000000000 2.033458692
26 126 3 1000000000 2.038613056
27 127 3 1000000000 2.038890220
28 128 3 1000000000 2.041408928
29 129 3 1000000000 2.042689966
30 130 3 1000000000 2.043119668
31 131 3 1000000000 2.043819109
32 132 3 1000000000 2.045078047
33 133 3 1000000000 2.046886977
34 134 3 1000000000 2.046986397
35 135 3 1000000000 2.048751790
36 136 3 1000000000 2.048893892
37 137 3 1000000000 2.049041184
38 138 3 1000000000 2.049267465
39 139 3 1000000000 2.049847049
40 140 3 1000000000 2.049882488
41 141 3 1000000000 2.051258638
42 142 3 1000000000 2.051906429
43 143 3 1000000000 2.053157876
44 144 3 1000000000 2.053391088
45 145 3 1000000000 2.054300239
46 146 3 1000000000 2.056679498
47 147 3 1000000000 2.057255354
48 148 3 1000000000 2.058043112
49 149 3 1000000000 2.058462163
50 150 3 1000000000 2.058696706
51 151 3 1000000000 2.059270603
52 152 3 1000000000 2.059997432
53 153 3 1000000000 2.060072897
54 154 3 1000000000 2.061116890
55 155 3 1000000000 2.063092844
56 156 3 1000000000 2.063873040
57 157 3 1000000000 2.064085774
58 158 3 1000000000 2.064089726
59 159 3 1000000000 2.064145190
60 160 3 1000000000 2.064265182
61 161 3 1000000000 2.066091527
62 162 3 1000000000 2.067891508
63 163 3 1000000000 2.068119586
64 164 3 1000000000 2.071383733
65 165 3 1000000000 2.071946518
66 166 3 1000000000 2.072170712
67 167 3 1000000000 2.073165813
68 168 3 1000000000 2.074896153
69 169 3 1000000000 2.075124385
70 170 3 1000000000 2.076648151
71 171 3 1000000000 2.076901973
72 172 3 1000000000 2.077389379
73 173 3 1000000000 2.080286987
74 174 3 1000000000 2.080362631
75 175 3 1000000000 2.080427283
76 176 3 1000000000 2.080581929
77 177 3 1000000000 2.082638416
78 178 3 1000000000 2.082985101
79 179 3 1000000000 2.084106046
80 180 3 1000000000 2.084192976
81 181 3 1000000000 2.085192231
82 182 3 1000000000 2.092010683
83 183 3 1000000000 2.093041215
84 184 3 1000000000 2.093393466
85 185 3 1000000000 2.093444619
86 186 3 1000000000 2.094160972
87 187 3 1000000000 2.094387875
88 188 3 1000000000 2.095419876
89 189 3 1000000000 2.095590767
90 190 3 1000000000 2.097139083
91 191 3 1000000000 2.098848157
92 192 3 1000000000 2.099218983
93 193 3 1000000000 2.099469607
94 194 3 1000000000 2.100014285
95 195 3 1000000000 2.102675690
96 196 3 1000000000 2.104445201
97 197 3 1000000000 2.104572582
98 198 3 1000000000 2.104631389
99 199 3 1000000000 2.105528106
