16
0 100 3 1000000000 2.000000000
1 100 3 1000000000 2.002512871
2 100 3 1000000000 2.002982101
3 100 3 1000000000 2.003000031
4 100 3 1000000000 2.004005751
5 100 3 1000000000 2.004544876
6 100 3 1000000000 2.006588656
7 100 3 1000000000 2.007075998
8 100 3 1000000000 2.008182308
9 100 3 1000000000 2.008478423
10 100 3 1000000000 2.008928774
11 100 3 1000000000 2.009344572
12 100 3 1000000000 2.009461223
13 100 3 1000000000 2.010326219
14 100 3 1000000000 2.010371028
15 100 3 1000000000 2.010593995
