32
0 100 3 1000000000 2.000000000
1 101 3 1000000000 2.000290681
2 102 3 1000000000 2.000658525
3 103 3 1000000000 2.000871791
4 104 3 1000000000 2.002830225
5 105 3 1000000000 2.003649172
6 106 3 1000000000 2.005324264
7 107 3 1000000000 2.005695140
8 108 3 1000000000 2.006404165
9 109 3 1000000000 2.006614676
10 110 3 1000000000 2.008051079
11 111 3 1000000000 2.008194777
12 112 3 1000000000 2.009331771
13 113 3 1000000000 2.010075493
14 114 3 1000000000 2.010812842
15 115 3 1000000000 2.011310276
16 116 3 1000000000 2.011460993
17 117 3 1000000000 2.012962726
18 118 3 1000000000 2.013155558
19 119 3 1000000000 2.013684601
20 120 3 1000000000 2.014038412
21 121 3 1000000000 2.015238777
22 122 3 1000000000 2.015415753
23 123 3 1000000000 2.016019618
24 124 3 1000000000 2.017507221
25 125 3 1000000000 2.018258117
26 126 3 1000000000 2.018448594
27 127 3 1000000000 2.019889151
28 128 3 1000000000 2.020319123
29 129 3 1000000000 2.020534760
30 130 3 1000000000 2.022527836
31 131 3 1000000000 2.025961820
