16
0 100 3 1000000000 2.000000000
1 101 3 1000000000 2.000058705
2 102 3 1000000000 2.000258229
3 103 3 1000000000 2.001521576
4 104 3 1000000000 2.001794390
5 105 3 1000000000 2.005586667
6 106 3 1000000000 2.006210831
7 107 3 1000000000 2.007232057
8 108 3 1000000000 2.007836661
9 109 3 1000000000 2.012856926
10 110 3 1000000000 2.013234200
11 111 3 1000000000 2.013414567
12 112 3 1000000000 2.013548337
13 113 3 1000000000 2.013676238
14 114 3 1000000000 2.015115865
15 115 3 1000000000 2.017811336
