100
0 100 3 1000000000 2.000000000
1 100 3 1000000000 2.002218655
2 100 3 1000000000 2.002846755
3 100 3 1000000000 2.002975778
4 100 3 1000000000 2.003291096
5 100 3 1000000000 2.004068425
6 100 3 1000000000 2.004757073
7 100 3 1000000000 2.005924022
8 100 3 1000000000 2.007770382
9 100 3 1000000000 2.008892367
10 100 3 1000000000 2.009208563
11 100 3 1000000000 2.011910747
12 100 3 1000000000 2.012072912
13 100 3 1000000000 2.012097839
14 100 3 1000000000 2.014503618
15 100 3 1000000000 2.017121558
16 100 3 1000000000 2.017233238
17 100 3 1000000000 2.018291438
18 100 3 1000000000 2.019529342
19 100 3 1000000000 2.019985385
20 100 3 1000000000 2.021857635
21 100 3 1000000000 2.023369956
22 100 3 1000000000 2.023793421
23 100 3 1000000000 2.024836953
24 100 3 1000000000 2.026235115
25 100 3 1000000000 2.032876406
26 100 3 1000000000 2.033033464
27 100 3 1000000000 2.033461308
28 100 3 1000000000 2.033520507
29 100 3 1000000000 2.034172819
30 100 3 1000000000 2.035074425
31 100 3 1000000000 2.035504383
32 100 3 1000000000 2.039259294
33 100 3 1000000000 2.039389140
34 100 3 1000000000 2.041893035
35 100 3 1000000000 2.041950124
36 100 3 1000000000 2.042564392
37 100 3 1000000000 2.042843898
38 100 3 1000000000 2.043649872
39 100 3 1000000000 2.044544678
40 100 3 1000000000 2.044863846
41 100 3 1000000000 2.044931654
42 100 3 1000000000 2.045753752
43 100 3 1000000000 2.045874983
44 100 3 1000000000 2.045937500
45 100 3 1000000000 2.046671212
46 100 3 1000000000 2.048025276
47 100 3 1000000000 2.051556075
48 100 3 1000000000 2.051876237
49 100 3 1000000000 2.052531726
50 100 3 1000000000 2.053513087
51 100 3 1000000000 2.053804490
52 100 3 1000000000 2.054348717
53 100 3 1000000000 2.054545710
54 100 3 1000000000 2.056675257
55 100 3 1000000000 2.057195878
56 100 3 1000000000 2.059481887
57 100 3 1000000000 2.059534508
58 100 3 1000000000 2.059582154
59 100 3 1000000000 2.060383022
60 100 3 1000000000 2.060939222
61 100 3 1000000000 2.061311867
62 100 3 1000000000 2.062032205
63 100 3 1000000000 2.063185395
64 100 3 1000000000 2.063518213
65 100 3 1000000000 2.063973012
66 100 3 1000000000 2.064502855
67 100 3 1000000000 2.064506568
68 100 3 1000000000 2.065187547
69 100 3 1000000000 2.065734240
70 100 3 1000000000 2.066211770
71 100 3 1000000000 2.066227480
72 100 3 1000000000 2.067382558
73 100 3 1000000000 2.068257928
74 100 3 1000000000 2.068414505
75 100 3 1000000000 2.069891033
76 100 3 1000000000 2.071155614
77 100 3 1000000000 2.071319980
78 100 3 1000000000 2.071344057
79 100 3 1000000000 2.072788744
80 100 3 1000000000 2.076607056
81 100 3 1000000000 2.077188061
82 100 3 1000000000 2.080396863
83 100 3 1000000000 2.081361843
84 100 3 1000000000 2.081471118
85 100 3 1000000000 2.081519926
86 100 3 1000000000 2.082199264
87 100 3 1000000000 2.083207725
88 100 3 1000000000 2.084117458
89 100 3 1000000000 2.085473004
90 100 3 1000000000 2.086776231
91 100 3 1000000000 2.086929600
92 100 3 1000000000 2.087014934
93 100 3 1000000000 2.087770027
94 100 3 1000000000 2.087994297
95 100 3 1000000000 2.089505225
96 100 3 1000000000 2.091327143
97 100 3 1000000000 2.091344412
98 100 3 1000000000 2.092335708
99 100 3 1000000000 2.093056606
