32
0 100 3 1000000000 2.000000000
1 100 3 1000000000 2.005320242
2 100 3 1000000000 2.005693878
3 100 3 1000000000 2.006721859
4 100 3 1000000000 2.008045931
5 100 3 1000000000 2.010691549
6 100 3 1000000000 2.011033614
7 100 3 1000000000 2.011670751
8 100 3 1000000000 2.015469514
9 100 3 1000000000 2.015874952
10 100 3 1000000000 2.016697605
11 100 3 1000000000 2.017419903
12 100 3 1000000000 2.019893156
13 100 3 1000000000 2.020222705
14 100 3 1000000000 2.020733063
15 100 3 1000000000 2.020959329
16 100 3 1000000000 2.021368846
17 100 3 1000000000 2.023331108
18 100 3 1000000000 2.023359446
19 100 3 1000000000 2.023605608
20 100 3 1000000000 2.025360201
21 100 3 1000000000 2.026311996
22 100 3 1000000000 2.028468112
23 100 3 1000000000 2.031296523
24 100 3 1000000000 2.036381354
25 100 3 1000000000 2.037278921
26 100 3 1000000000 2.037339667
27 100 3 1000000000 2.038333296
28 100 3 1000000000 2.040400318
29 100 3 1000000000 2.041649021
30 100 3 1000000000 2.042329258
31 100 3 1000000000 2.042933093
