64
0 100 3 1000000000 2.000000000
1 101 3 1000000000 2.000163368
2 102 3 1000000000 2.001066298
3 103 3 1000000000 2.003175202
4 104 3 1000000000 2.003301705
5 105 3 1000000000 2.004971856
6 106 3 1000000000 2.004990610
7 107 3 1000000000 2.005110679
8 108 3 1000000000 2.005990595
9 109 3 1000000000 2.006191992
10 110 3 1000000000 2.007192051
11 111 3 1000000000 2.008667774
12 112 3 1000000000 2.009054408
13 113 3 1000000000 2.010380352
14 114 3 1000000000 2.010460383
15 115 3 1000000000 2.010597897
16 116 3 1000000000 2.010878613
17 117 3 1000000000 2.011226375
18 118 3 1000000000 2.011365378
19 119 3 1000000000 2.013842155
20 120 3 1000000000 2.013848821
21 121 3 1000000000 2.014071309
22 122 3 1000000000 2.014888758
23 123 3 1000000000 2.015786094
24 124 3 1000000000 2.016492435
25 125 3 1000000000 2.017856126
26 126 3 1000000000 2.019862288
27 127 3 1000000000 2.020718804
28 128 3 1000000000 2.020882883
29 129 3 1000000000 2.022171485
30 130 3 1000000000 2.022574928
31 131 3 1000000000 2.023687271
32 132 3 1000000000 2.023939411
33 133 3 1000000000 2.024252774
34 134 3 1000000000 2.024892426
35 135 3 1000000000 2.025228277
36 136 3 1000000000 2.026592681
37 137 3 1000000000 2.027263713
38 138 3 1000000000 2.028827266
39 139 3 1000000000 2.028956580
40 140 3 1000000000 2.029846787
41 141 3 1000000000 2.030979738
42 142 3 1000000000 2.031422727
43 143 3 1000000000 2.031622340
44 144 3 1000000000 2.033075480
45 145 3 1000000000 2.033661348
46 146 3 1000000000 2.033938107
47 147 3 1000000000 2.035072648
48 148 3 1000000000 2.035314964
49 149 3 1000000000 2.035995502
50 150 3 1000000000 2.036739631
51 151 3 1000000000 2.037113454
52 152 3 1000000000 2.037555576
53 153 3 1000000000 2.039639048
54 154 3 1000000000 2.040260036
55 155 3 1000000000 2.040560443
56 156 3 1000000000 2.041311782
57 157 3 1000000000 2.041371037
58 158 3 1000000000 2.041840156
59 159 3 1000000000 2.041871775
60 160 3 1000000000 2.042592682
61 161 3 1000000000 2.043394046
62 162 3 1000000000 2.044497804
63 163 3 1000000000 2.047381509
