64
0 100 3 1000000000 2.000000000
1 100 3 1000000000 2.000558814
2 100 3 1000000000 2.002488134
3 100 3 1000000000 2.002784237
4 100 3 1000000000 2.004198448
5 100 3 1000000000 2.004202843
6 100 3 1000000000 2.007222439
7 100 3 1000000000 2.008772865
8 100 3 1000000000 2.008776700
9 100 3 1000000000 2.009222640
10 100 3 1000000000 2.012159292
11 100 3 1000000000 2.012501897
12 100 3 1000000000 2.013152611
13 100 3 1000000000 2.016316195
14 100 3 1000000000 2.016627818
15 100 3 1000000000 2.018023074
16 100 3 1000000000 2.018091693
17 100 3 1000000000 2.018793072
18 100 3 1000000000 2.020636223
19 100 3 1000000000 2.021535124
20 100 3 1000000000 2.021783840
21 100 3 1000000000 2.022671511
22 100 3 1000000000 2.022865146
23 100 3 1000000000 2.023158003
24 100 3 1000000000 2.025270522
25 100 3 1000000000 2.025402740
26 100 3 1000000000 2.025568546
27 100 3 1000000000 2.028261721
28 100 3 1000000000 2.029395360
29 100 3 1000000000 2.029886761
30 100 3 1000000000 2.031136133
31 100 3 1000000000 2.031367858
32 100 3 1000000000 2.031968536
33 100 3 1000000000 2.033627752
34 100 3 1000000000 2.036198373
35 100 3 1000000000 2.037059584
36 100 3 1000000000 2.039777970
37 100 3 1000000000 2.040372566
38 100 3 1000000000 2.041567243
39 100 3 1000000000 2.041986149
40 100 3 1000000000 2.042294020
41 100 3 1000000000 2.042999553
42 100 3 1000000000 2.043234823
43 100 3 1000000000 2.043952759
44 100 3 1000000000 2.045421391
45 100 3 1000000000 2.046504920
46 100 3 1000000000 2.046680885
47 100 3 1000000000 2.046887616
48 100 3 1000000000 2.048256829
49 100 3 1000000000 2.049891670
50 100 3 1000000000 2.050072072
51 100 3 1000000000 2.051687396
52 100 3 1000000000 2.054177064
53 100 3 1000000000 2.056063891
54 100 3 1000000000 2.056509982
55 100 3 1000000000 2.056916544
56 100 3 1000000000 2.057030887
57 100 3 1000000000 2.058538584
58 100 3 1000000000 2.058881137
59 100 3 1000000000 2.061405747
60 100 3 1000000000 2.061673190
61 100 3 1000000000 2.062025925
62 100 3 1000000000 2.062485355
63 100 3 1000000000 2.063419868
